1 0
1 32766
1 -1172660800
1 32766
1 1
1 0
1 18521584
1 0
1 3
1 0
1 -605224192
1 1839453877
1 -1172660752
1 32766
1 -1990000224
1 21932
2 0
2 32766
2 -1172660800
2 32766
2 1
2 0
2 18521584
2 0
2 3
2 0
2 -605224192
2 1839453877
2 -1172660752
2 32766
2 -1990000224
2 21932
3 0
3 32766
3 -1172660800
3 32766
3 1
3 0
3 18521584
3 0
3 3
3 0
3 -605224192
3 1839453877
3 -1172660752
3 32766
3 -1990000224
3 21932
4 0
4 32766
4 -1172660800
4 32766
4 1
4 0
4 18521584
4 0
4 3
4 0
4 -605224192
4 1839453877
4 -1172660752
4 32766
4 -1990000224
4 21932
5 0
5 32766
5 -1172660800
5 32766
5 1
5 0
5 18521584
5 0
5 3
5 0
5 -605224192
5 1839453877
5 -1172660752
5 32766
5 -1990000224
5 21932
6 0
6 32766
6 -1172660800
6 32766
6 1
6 0
6 18521584
6 0
6 3
6 0
6 -605224192
6 1839453877
6 -1172660752
6 32766
6 -1990000224
6 21932
7 0
7 32766
7 -1172660800
7 32766
7 1
7 0
7 18521584
7 0
7 3
7 0
7 -605224192
7 1839453877
7 -1172660752
7 32766
7 -1990000224
7 21932
8 0
8 32766
8 -1172660800
8 32766
8 1
8 0
8 18521584
8 0
8 3
8 0
8 -605224192
8 1839453877
8 -1172660752
8 32766
8 -1990000224
8 21932
9 0
9 32766
9 -1172660800
9 32766
9 1
9 0
9 18521584
9 0
9 3
9 0
9 -605224192
9 1839453877
9 -1172660752
9 32766
9 -1990000224
9 21932
10 0
10 32766
10 -1172660800
10 32766
10 1
10 0
10 18521584
10 0
10 3
10 0
10 -605224192
10 1839453877
10 -1172660752
10 32766
10 -1990000224
10 21932
11 0
11 32766
11 -1172660800
11 32766
11 1
11 0
11 18521584
11 0
11 3
11 0
11 -605224192
11 1839453877
11 -1172660752
11 32766
11 -1990000224
11 21932
12 0
12 32766
12 -1172660800
12 32766
12 1
12 0
12 18521584
12 0
12 3
12 0
12 -605224192
12 1839453877
12 -1172660752
12 32766
12 -1990000224
12 21932
13 0
13 32766
13 -1172660800
13 32766
13 1
13 0
13 18521584
13 0
13 3
13 0
13 -605224192
13 1839453877
13 -1172660752
13 32766
13 -1990000224
13 21932
14 0
14 32766
14 -1172660800
14 32766
14 1
14 0
14 18521584
14 0
14 3
14 0
14 -605224192
14 1839453877
14 -1172660752
14 32766
14 -1990000224
14 21932
15 0
15 32766
15 -1172660800
15 32766
15 1
15 0
15 18521584
15 0
15 3
15 0
15 -605224192
15 1839453877
15 -1172660752
15 32766
15 -1990000224
15 21932
16 0
16 32766
16 -1172660800
16 32766
16 1
16 0
16 18521584
16 0
16 3
16 0
16 -605224192
16 1839453877
16 -1172660752
16 32766
16 -1990000224
16 21932
17 0
17 32766
17 -1172660800
17 32766
17 1
17 0
17 18521584
17 0
17 3
17 0
17 -605224192
17 1839453877
17 -1172660752
17 32766
17 -1990000224
17 21932
18 0
18 32766
18 -1172660800
18 32766
18 1
18 0
18 18521584
18 0
18 3
18 0
18 -605224192
18 1839453877
18 -1172660752
18 32766
18 -1990000224
18 21932
19 0
19 32766
19 -1172660800
19 32766
19 1
19 0
19 18521584
19 0
19 3
19 0
19 -605224192
19 1839453877
19 -1172660752
19 32766
19 -1990000224
19 21932
20 0
20 32766
20 -1172660800
20 32766
20 1
20 0
20 18521584
20 0
20 3
20 0
20 -605224192
20 1839453877
20 -1172660752
20 32766
20 -1990000224
20 21932
21 0
21 32766
21 -1172660800
21 32766
21 1
21 0
21 18521584
21 0
21 3
21 0
21 -605224192
21 1839453877
21 -1172660752
21 32766
21 -1990000224
21 21932
22 0
22 32766
22 -1172660800
22 32766
22 1
22 0
22 18521584
22 0
22 3
22 0
22 -605224192
22 1839453877
22 -1172660752
22 32766
22 -1990000224
22 21932
23 0
23 32766
23 -1172660800
23 32766
23 1
23 0
23 18521584
23 0
23 3
23 0
23 -605224192
23 1839453877
23 -1172660752
23 32766
23 -1990000224
23 21932
24 0
24 32766
24 -1172660800
24 32766
24 1
24 0
24 18521584
24 0
24 3
24 0
24 -605224192
24 1839453877
24 -1172660752
24 32766
24 -1990000224
24 21932
25 0
25 32766
25 -1172660800
25 32766
25 1
25 0
25 18521584
25 0
25 3
25 0
25 -605224192
25 1839453877
25 -1172660752
25 32766
25 -1990000224
25 21932
26 0
26 32766
26 -1172660800
26 32766
26 1
26 0
26 18521584
26 0
26 3
26 0
26 -605224192
26 1839453877
26 -1172660752
26 32766
26 -1990000224
26 21932
27 0
27 32766
27 -1172660800
27 32766
27 1
27 0
27 18521584
27 0
27 3
27 0
27 -605224192
27 1839453877
27 -1172660752
27 32766
27 -1990000224
27 21932
28 0
28 32766
28 -1172660800
28 32766
28 1
28 0
28 18521584
28 0
28 3
28 0
28 -605224192
28 1839453877
28 -1172660752
28 32766
28 -1990000224
28 21932
29 0
29 32766
29 -1172660800
29 32766
29 1
29 0
29 18521584
29 0
29 3
29 0
29 -605224192
29 1839453877
29 -1172660752
29 32766
29 -1990000224
29 21932
30 0
30 32766
30 -1172660800
30 32766
30 1
30 0
30 18521584
30 0
30 3
30 0
30 -605224192
30 1839453877
30 -1172660752
30 32766
30 -1990000224
30 21932
31 0
31 32766
31 -1172660800
31 32766
31 1
31 0
31 18521584
31 0
31 3
31 0
31 -605224192
31 1839453877
31 -1172660752
31 32766
31 -1990000224
31 21932
32 0
32 32766
32 -1172660800
32 32766
32 1
32 0
32 18521584
32 0
32 3
32 0
32 -605224192
32 1839453877
32 -1172660752
32 32766
32 -1990000224
32 21932
33 0
33 32766
33 -1172660800
33 32766
33 1
33 0
33 18521584
33 0
33 3
33 0
33 -605224192
33 1839453877
33 -1172660752
33 32766
33 -1990000224
33 21932
34 0
34 32766
34 -1172660800
34 32766
34 1
34 0
34 18521584
34 0
34 3
34 0
34 -605224192
34 1839453877
34 -1172660752
34 32766
34 -1990000224
34 21932
35 0
35 32766
35 -1172660800
35 32766
35 1
35 0
35 18521584
35 0
35 3
35 0
35 -605224192
35 1839453877
35 -1172660752
35 32766
35 -1990000224
35 21932
36 0
36 32766
36 -1172660800
36 32766
36 1
36 0
36 18521584
36 0
36 3
36 0
36 -605224192
36 1839453877
36 -1172660752
36 32766
36 -1990000224
36 21932
37 0
37 32766
37 -1172660800
37 32766
37 1
37 0
37 18521584
37 0
37 3
37 0
37 -605224192
37 1839453877
37 -1172660752
37 32766
37 -1990000224
37 21932
38 0
38 32766
38 -1172660800
38 32766
38 1
38 0
38 18521584
38 0
38 3
38 0
38 -605224192
38 1839453877
38 -1172660752
38 32766
38 -1990000224
38 21932
39 0
39 32766
39 -1172660800
39 32766
39 1
39 0
39 18521584
39 0
39 3
39 0
39 -605224192
39 1839453877
39 -1172660752
39 32766
39 -1990000224
39 21932
40 0
40 32766
40 -1172660800
40 32766
40 1
40 0
40 18521584
40 0
40 3
40 0
40 -605224192
40 1839453877
40 -1172660752
40 32766
40 -1990000224
40 21932
41 0
41 32766
41 -1172660800
41 32766
41 1
41 0
41 18521584
41 0
41 3
41 0
41 -605224192
41 1839453877
41 -1172660752
41 32766
41 -1990000224
41 21932
42 0
42 32766
42 -1172660800
42 32766
42 1
42 0
42 18521584
42 0
42 3
42 0
42 -605224192
42 1839453877
42 -1172660752
42 32766
42 -1990000224
42 21932
43 0
43 32766
43 -1172660800
43 32766
43 1
43 0
43 18521584
43 0
43 3
43 0
43 -605224192
43 1839453877
43 -1172660752
43 32766
43 -1990000224
43 21932
44 0
44 32766
44 -1172660800
44 32766
44 1
44 0
44 18521584
44 0
44 3
44 0
44 -605224192
44 1839453877
44 -1172660752
44 32766
44 -1990000224
44 21932
45 0
45 32766
45 -1172660800
45 32766
45 1
45 0
45 18521584
45 0
45 3
45 0
45 -605224192
45 1839453877
45 -1172660752
45 32766
45 -1990000224
45 21932
46 0
46 32766
46 -1172660800
46 32766
46 1
46 0
46 18521584
46 0
46 3
46 0
46 -605224192
46 1839453877
46 -1172660752
46 32766
46 -1990000224
46 21932
47 0
47 32766
47 -1172660800
47 32766
47 1
47 0
47 18521584
47 0
47 3
47 0
47 -605224192
47 1839453877
47 -1172660752
47 32766
47 -1990000224
47 21932
48 0
48 32766
48 -1172660800
48 32766
48 1
48 0
48 18521584
48 0
48 3
48 0
48 -605224192
48 1839453877
48 -1172660752
48 32766
48 -1990000224
48 21932
49 0
49 32766
49 -1172660800
49 32766
49 1
49 0
49 18521584
49 0
49 3
49 0
49 -605224192
49 1839453877
49 -1172660752
49 32766
49 -1990000224
49 21932
50 0
50 32766
50 -1172660800
50 32766
50 1
50 0
50 18521584
50 0
50 3
50 0
50 -605224192
50 1839453877
50 -1172660752
50 32766
50 -1990000224
50 21932
51 0
51 32766
51 -1172660800
51 32766
51 1
51 0
51 18521584
51 0
51 3
51 0
51 -605224192
51 1839453877
51 -1172660752
51 32766
51 -1990000224
51 21932
52 0
52 32766
52 -1172660800
52 32766
52 1
52 0
52 18521584
52 0
52 3
52 0
52 -605224192
52 1839453877
52 -1172660752
52 32766
52 -1990000224
52 21932
53 0
53 32766
53 -1172660800
53 32766
53 1
53 0
53 18521584
53 0
53 3
53 0
53 -605224192
53 1839453877
53 -1172660752
53 32766
53 -1990000224
53 21932
54 0
54 32766
54 -1172660800
54 32766
54 1
54 0
54 18521584
54 0
54 3
54 0
54 -605224192
54 1839453877
54 -1172660752
54 32766
54 -1990000224
54 21932
55 0
55 32766
55 -1172660800
55 32766
55 1
55 0
55 18521584
55 0
55 3
55 0
55 -605224192
55 1839453877
55 -1172660752
55 32766
55 -1990000224
55 21932
56 0
56 32766
56 -1172660800
56 32766
56 1
56 0
56 18521584
56 0
56 3
56 0
56 -605224192
56 1839453877
56 -1172660752
56 32766
56 -1990000224
56 21932
57 0
57 32766
57 -1172660800
57 32766
57 1
57 0
57 18521584
57 0
57 3
57 0
57 -605224192
57 1839453877
57 -1172660752
57 32766
57 -1990000224
57 21932
58 0
58 32766
58 -1172660800
58 32766
58 1
58 0
58 18521584
58 0
58 3
58 0
58 -605224192
58 1839453877
58 -1172660752
58 32766
58 -1990000224
58 21932
59 0
59 32766
59 -1172660800
59 32766
59 1
59 0
59 18521584
59 0
59 3
59 0
59 -605224192
59 1839453877
59 -1172660752
59 32766
59 -1990000224
59 21932
60 0
60 32766
60 -1172660800
60 32766
60 1
60 0
60 18521584
60 0
60 3
60 0
60 -605224192
60 1839453877
60 -1172660752
60 32766
60 -1990000224
60 21932
61 0
61 32766
61 -1172660800
61 32766
61 1
61 0
61 18521584
61 0
61 3
61 0
61 -605224192
61 1839453877
61 -1172660752
61 32766
61 -1990000224
61 21932
62 0
62 32766
62 -1172660800
62 32766
62 1
62 0
62 18521584
62 0
62 3
62 0
62 -605224192
62 1839453877
62 -1172660752
62 32766
62 -1990000224
62 21932
63 0
63 32766
63 -1172660800
63 32766
63 1
63 0
63 18521584
63 0
63 3
63 0
63 -605224192
63 1839453877
63 -1172660752
63 32766
63 -1990000224
63 21932
64 0
64 32766
64 -1172660800
64 32766
64 1
64 0
64 18521584
64 0
64 3
64 0
64 -605224192
64 1839453877
64 -1172660752
64 32766
64 -1990000224
64 21932
65 0
65 32766
65 -1172660800
65 32766
65 1
65 0
65 18521584
65 0
65 3
65 0
65 -605224192
65 1839453877
65 -1172660752
65 32766
65 -1990000224
65 21932
66 0
66 32766
66 -1172660800
66 32766
66 1
66 0
66 18521584
66 0
66 3
66 0
66 -605224192
66 1839453877
66 -1172660752
66 32766
66 -1990000224
66 21932
67 0
67 32766
67 -1172660800
67 32766
67 1
67 0
67 18521584
67 0
67 3
67 0
67 -605224192
67 1839453877
67 -1172660752
67 32766
67 -1990000224
67 21932
68 0
68 32766
68 -1172660800
68 32766
68 1
68 0
68 18521584
68 0
68 3
68 0
68 -605224192
68 1839453877
68 -1172660752
68 32766
68 -1990000224
68 21932
69 0
69 32766
69 -1172660800
69 32766
69 1
69 0
69 18521584
69 0
69 3
69 0
69 -605224192
69 1839453877
69 -1172660752
69 32766
69 -1990000224
69 21932
70 0
70 32766
70 -1172660800
70 32766
70 1
70 0
70 18521584
70 0
70 3
70 0
70 -605224192
70 1839453877
70 -1172660752
70 32766
70 -1990000224
70 21932
71 0
71 32766
71 -1172660800
71 32766
71 1
71 0
71 18521584
71 0
71 3
71 0
71 -605224192
71 1839453877
71 -1172660752
71 32766
71 -1990000224
71 21932
72 0
72 32766
72 -1172660800
72 32766
72 1
72 0
72 18521584
72 0
72 3
72 0
72 -605224192
72 1839453877
72 -1172660752
72 32766
72 -1990000224
72 21932
73 0
73 32766
73 -1172660800
73 32766
73 1
73 0
73 18521584
73 0
73 3
73 0
73 -605224192
73 1839453877
73 -1172660752
73 32766
73 -1990000224
73 21932
74 0
74 32766
74 -1172660800
74 32766
74 1
74 0
74 18521584
74 0
74 3
74 0
74 -605224192
74 1839453877
74 -1172660752
74 32766
74 -1990000224
74 21932
75 0
75 32766
75 -1172660800
75 32766
75 1
75 0
75 18521584
75 0
75 3
75 0
75 -605224192
75 1839453877
75 -1172660752
75 32766
75 -1990000224
75 21932
76 0
76 32766
76 -1172660800
76 32766
76 1
76 0
76 18521584
76 0
76 3
76 0
76 -605224192
76 1839453877
76 -1172660752
76 32766
76 -1990000224
76 21932
77 0
77 32766
77 -1172660800
77 32766
77 1
77 0
77 18521584
77 0
77 3
77 0
77 -605224192
77 1839453877
77 -1172660752
77 32766
77 -1990000224
77 21932
78 0
78 32766
78 -1172660800
78 32766
78 1
78 0
78 18521584
78 0
78 3
78 0
78 -605224192
78 1839453877
78 -1172660752
78 32766
78 -1990000224
78 21932
79 0
79 32766
79 -1172660800
79 32766
79 1
79 0
79 18521584
79 0
79 3
79 0
79 -605224192
79 1839453877
79 -1172660752
79 32766
79 -1990000224
79 21932
80 0
80 32766
80 -1172660800
80 32766
80 1
80 0
80 18521584
80 0
80 3
80 0
80 -605224192
80 1839453877
80 -1172660752
80 32766
80 -1990000224
80 21932
81 0
81 32766
81 -1172660800
81 32766
81 1
81 0
81 18521584
81 0
81 3
81 0
81 -605224192
81 1839453877
81 -1172660752
81 32766
81 -1990000224
81 21932
82 0
82 32766
82 -1172660800
82 32766
82 1
82 0
82 18521584
82 0
82 3
82 0
82 -605224192
82 1839453877
82 -1172660752
82 32766
82 -1990000224
82 21932
83 0
83 32766
83 -1172660800
83 32766
83 1
83 0
83 18521584
83 0
83 3
83 0
83 -605224192
83 1839453877
83 -1172660752
83 32766
83 -1990000224
83 21932
84 0
84 32766
84 -1172660800
84 32766
84 1
84 0
84 18521584
84 0
84 3
84 0
84 -605224192
84 1839453877
84 -1172660752
84 32766
84 -1990000224
84 21932
85 0
85 32766
85 -1172660800
85 32766
85 1
85 0
85 18521584
85 0
85 3
85 0
85 -605224192
85 1839453877
85 -1172660752
85 32766
85 -1990000224
85 21932
86 0
86 32766
86 -1172660800
86 32766
86 1
86 0
86 18521584
86 0
86 3
86 0
86 -605224192
86 1839453877
86 -1172660752
86 32766
86 -1990000224
86 21932
87 0
87 32766
87 -1172660800
87 32766
87 1
87 0
87 18521584
87 0
87 3
87 0
87 -605224192
87 1839453877
87 -1172660752
87 32766
87 -1990000224
87 21932
88 0
88 32766
88 -1172660800
88 32766
88 1
88 0
88 18521584
88 0
88 3
88 0
88 -605224192
88 1839453877
88 -1172660752
88 32766
88 -1990000224
88 21932
89 0
89 32766
89 -1172660800
89 32766
89 1
89 0
89 18521584
89 0
89 3
89 0
89 -605224192
89 1839453877
89 -1172660752
89 32766
89 -1990000224
89 21932
90 0
90 32766
90 -1172660800
90 32766
90 1
90 0
90 18521584
90 0
90 3
90 0
90 -605224192
90 1839453877
90 -1172660752
90 32766
90 -1990000224
90 21932
91 0
91 32766
91 -1172660800
91 32766
91 1
91 0
91 18521584
91 0
91 3
91 0
91 -605224192
91 1839453877
91 -1172660752
91 32766
91 -1990000224
91 21932
92 0
92 32766
92 -1172660800
92 32766
92 1
92 0
92 18521584
92 0
92 3
92 0
92 -605224192
92 1839453877
92 -1172660752
92 32766
92 -1990000224
92 21932
93 0
93 32766
93 -1172660800
93 32766
93 1
93 0
93 18521584
93 0
93 3
93 0
93 -605224192
93 1839453877
93 -1172660752
93 32766
93 -1990000224
93 21932
94 0
94 32766
94 -1172660800
94 32766
94 1
94 0
94 18521584
94 0
94 3
94 0
94 -605224192
94 1839453877
94 -1172660752
94 32766
94 -1990000224
94 21932
95 0
95 32766
95 -1172660800
95 32766
95 1
95 0
95 18521584
95 0
95 3
95 0
95 -605224192
95 1839453877
95 -1172660752
95 32766
95 -1990000224
95 21932
96 0
96 32766
96 -1172660800
96 32766
96 1
96 0
96 18521584
96 0
96 3
96 0
96 -605224192
96 1839453877
96 -1172660752
96 32766
96 -1990000224
96 21932
97 0
97 32766
97 -1172660800
97 32766
97 1
97 0
97 18521584
97 0
97 3
97 0
97 -605224192
97 1839453877
97 -1172660752
97 32766
97 -1990000224
97 21932
98 0
98 32766
98 -1172660800
98 32766
98 1
98 0
98 18521584
98 0
98 3
98 0
98 -605224192
98 1839453877
98 -1172660752
98 32766
98 -1990000224
98 21932
99 0
99 32766
99 -1172660800
99 32766
99 1
99 0
99 18521584
99 0
99 3
99 0
99 -605224192
99 1839453877
99 -1172660752
99 32766
99 -1990000224
99 21932
100 0
100 32766
100 -1172660800
100 32766
100 1
100 0
100 18521584
100 0
100 3
100 0
100 -605224192
100 1839453877
100 -1172660752
100 32766
100 -1990000224
100 21932
101 0
101 32766
101 -1172660800
101 32766
101 1
101 0
101 18521584
101 0
101 3
101 0
101 -605224192
101 1839453877
101 -1172660752
101 32766
101 -1990000224
101 21932
102 0
102 32766
102 -1172660800
102 32766
102 1
102 0
102 18521584
102 0
102 3
102 0
102 -605224192
102 1839453877
102 -1172660752
102 32766
102 -1990000224
102 21932
103 0
103 32766
103 -1172660800
103 32766
103 1
103 0
103 18521584
103 0
103 3
103 0
103 -605224192
103 1839453877
103 -1172660752
103 32766
103 -1990000224
103 21932
104 0
104 32766
104 -1172660800
104 32766
104 1
104 0
104 18521584
104 0
104 3
104 0
104 -605224192
104 1839453877
104 -1172660752
104 32766
104 -1990000224
104 21932
105 0
105 32766
105 -1172660800
105 32766
105 1
105 0
105 18521584
105 0
105 3
105 0
105 -605224192
105 1839453877
105 -1172660752
105 32766
105 -1990000224
105 21932
106 0
106 32766
106 -1172660800
106 32766
106 1
106 0
106 18521584
106 0
106 3
106 0
106 -605224192
106 1839453877
106 -1172660752
106 32766
106 -1990000224
106 21932
107 0
107 32766
107 -1172660800
107 32766
107 1
107 0
107 18521584
107 0
107 3
107 0
107 -605224192
107 1839453877
107 -1172660752
107 32766
107 -1990000224
107 21932
108 0
108 32766
108 -1172660800
108 32766
108 1
108 0
108 18521584
108 0
108 3
108 0
108 -605224192
108 1839453877
108 -1172660752
108 32766
108 -1990000224
108 21932
109 0
109 32766
109 -1172660800
109 32766
109 1
109 0
109 18521584
109 0
109 3
109 0
109 -605224192
109 1839453877
109 -1172660752
109 32766
109 -1990000224
109 21932
110 0
110 32766
110 -1172660800
110 32766
110 1
110 0
110 18521584
110 0
110 3
110 0
110 -605224192
110 1839453877
110 -1172660752
110 32766
110 -1990000224
110 21932
111 0
111 32766
111 -1172660800
111 32766
111 1
111 0
111 18521584
111 0
111 3
111 0
111 -605224192
111 1839453877
111 -1172660752
111 32766
111 -1990000224
111 21932
112 0
112 32766
112 -1172660800
112 32766
112 1
112 0
112 18521584
112 0
112 3
112 0
112 -605224192
112 1839453877
112 -1172660752
112 32766
112 -1990000224
112 21932
113 0
113 32766
113 -1172660800
113 32766
113 1
113 0
113 18521584
113 0
113 3
113 0
113 -605224192
113 1839453877
113 -1172660752
113 32766
113 -1990000224
113 21932
114 0
114 32766
114 -1172660800
114 32766
114 1
114 0
114 18521584
114 0
114 3
114 0
114 -605224192
114 1839453877
114 -1172660752
114 32766
114 -1990000224
114 21932
115 0
115 32766
115 -1172660800
115 32766
115 1
115 0
115 18521584
115 0
115 3
115 0
115 -605224192
115 1839453877
115 -1172660752
115 32766
115 -1990000224
115 21932
116 0
116 32766
116 -1172660800
116 32766
116 1
116 0
116 18521584
116 0
116 3
116 0
116 -605224192
116 1839453877
116 -1172660752
116 32766
116 -1990000224
116 21932
117 0
117 32766
117 -1172660800
117 32766
117 1
117 0
117 18521584
117 0
117 3
117 0
117 -605224192
117 1839453877
117 -1172660752
117 32766
117 -1990000224
117 21932
118 0
118 32766
118 -1172660800
118 32766
118 1
118 0
118 18521584
118 0
118 3
118 0
118 -605224192
118 1839453877
118 -1172660752
118 32766
118 -1990000224
118 21932
119 0
119 32766
119 -1172660800
119 32766
119 1
119 0
119 18521584
119 0
119 3
119 0
119 -605224192
119 1839453877
119 -1172660752
119 32766
119 -1990000224
119 21932
120 0
120 32766
120 -1172660800
120 32766
120 1
120 0
120 18521584
120 0
120 3
120 0
120 -605224192
120 1839453877
120 -1172660752
120 32766
120 -1990000224
120 21932
121 0
121 32766
121 -1172660800
121 32766
121 1
121 0
121 18521584
121 0
121 3
121 0
121 -605224192
121 1839453877
121 -1172660752
121 32766
121 -1990000224
121 21932
122 0
122 32766
122 -1172660800
122 32766
122 1
122 0
122 18521584
122 0
122 3
122 0
122 -605224192
122 1839453877
122 -1172660752
122 32766
122 -1990000224
122 21932
123 0
123 32766
123 -1172660800
123 32766
123 1
123 0
123 18521584
123 0
123 3
123 0
123 -605224192
123 1839453877
123 -1172660752
123 32766
123 -1990000224
123 21932
124 0
124 32766
124 -1172660800
124 32766
124 1
124 0
124 18521584
124 0
124 3
124 0
124 -605224192
124 1839453877
124 -1172660752
124 32766
124 -1990000224
124 21932
125 0
125 32766
125 -1172660800
125 32766
125 1
125 0
125 18521584
125 0
125 3
125 0
125 -605224192
125 1839453877
125 -1172660752
125 32766
125 -1990000224
125 21932
126 0
126 32766
126 -1172660800
126 32766
126 1
126 0
126 18521584
126 0
126 3
126 0
126 -605224192
126 1839453877
126 -1172660752
126 32766
126 -1990000224
126 21932
127 0
127 32766
127 -1172660800
127 32766
127 1
127 0
127 18521584
127 0
127 3
127 0
127 -605224192
127 1839453877
127 -1172660752
127 32766
127 -1990000224
127 21932
